200.0       world size
100.0 151.0 28.0 198.0 -21.0
41.5 109.0 7.0               cursor
48
------------------------------

6        number of permanent world assemblies

skybox 1
   100.0 -1.0 100.0
   100.0 1.0 100.0
skybox 2
   201.0 100.0 100.0
   1.0 100.0 100.0
skybox 3
   100.0 201.0 100.0
   100.0 1.0 100.0
skybox 4
   -1.0 100.0 100.0
   1.0 100.0 100.0
skybox 5
   100.0 100.0 201.0
   100.0 100.0 1.0
groundbox 6
   100.0 100.0 -1.0
   100.0 100.0 1.0

0      number of editable assemblies

wall 36
   49.5 164.0 3.0
   7.0 1.0 12.0
floor 41
   60.5 143.0 0.0
   8.0 8.0 1.0
stairs 43
   8
   32.5 142.0 1.0
   90.0
   4.0
door 44
   41.5 124.0 4.0
  1
   12.0 12.0 1.0
   9.0 9.0 1.0
open
