200.0       world size
71.0 126.0 27.875 3.0 -39.0
100.5 120.0 11.0               cursor
56
------------------------------

6        number of permanent world assemblies

skybox 1
   100.0 -1.0 100.0
   100.0 1.0 100.0
skybox 2
   201.0 100.0 100.0
   1.0 100.0 100.0
skybox 3
   100.0 201.0 100.0
   100.0 1.0 100.0
skybox 4
   -1.0 100.0 100.0
   1.0 100.0 100.0
skybox 5
   100.0 100.0 201.0
   100.0 100.0 1.0
groundbox 6
   100.0 100.0 -1.0
   100.0 100.0 1.0

2      number of editable assemblies

floor 55
   100.5 136.0 4.0
   4.0 4.0 1.0
floor 56
   100.5 120.0 4.0
   4.0 4.0 1.0
