200.0       world size
85.0 118.0 2.875 57.0 0.0
97.5 143.0 8.5               cursor
54
------------------------------

6        number of permanent world assemblies

skybox 1
   100.0 -1.0 100.0
   100.0 1.0 100.0
skybox 2
   201.0 100.0 100.0
   1.0 100.0 100.0
skybox 3
   100.0 201.0 100.0
   100.0 1.0 100.0
skybox 4
   -1.0 100.0 100.0
   1.0 100.0 100.0
skybox 5
   100.0 100.0 201.0
   100.0 100.0 1.0
groundbox 6
   100.0 100.0 -1.0
   100.0 100.0 1.0

1      number of editable assemblies

stairs 49
   9
   100.5 143.0 0.5
   0.0
   4.0
wall 50
   87.5 143.0 6.5
   4.0 1.0 12.0
wall 51
   87.5 143.0 6.5
   6.0 1.0 12.0
floor 52
   87.5 126.0 6.5
   4.0 8.0 1.0
hole 53
   98.5 118.0 0.5
  1
   4.0 12.0 1.0
   2.0 6.0 1.0 3.0
door 54
   110.5 118.0 0.5
  1
   4.0 12.0 1.0
   2.0 9.0 1.0
open
