200.0       world size
76.25 175.0 55.375 3.0 -57.0
100.0 189.0 8.5               cursor
57
------------------------------

6        number of permanent world assemblies

skybox 1
   100.0 -1.0 100.0
   100.0 1.0 100.0
skybox 2
   201.0 100.0 100.0
   1.0 100.0 100.0
skybox 3
   100.0 201.0 100.0
   100.0 1.0 100.0
skybox 4
   -1.0 100.0 100.0
   1.0 100.0 100.0
skybox 5
   100.0 100.0 201.0
   100.0 100.0 1.0
groundbox 6
   100.0 100.0 -1.0
   100.0 100.0 1.0

3      number of editable assemblies

floor 55
   100.0 100.0 40.5
   4.0 4.0 0.5
floor 56
   100.5 84.0 40.0
   4.0 4.0 1.0
stairs 57
   40
   100.0 183.0 1.5
   270.0
   4.0
